0.001
0.006
0.011
0.018
0.03
0.042
0.057
0.074
0.094
0.116
0.14
0.168
0.198
0.227
0.262
0.3
0.333
0.373
0.41
0.456
0.466
0.519
0.565
0.619
0.673
0.728
0.785
0.849
0.918
0.978
1.047
1.116
1.19
1.278
1.34
1.418
1.507
1.588
1.703
1.793
1.875
1.972
2.109
2.21
2.264
2.348
2.454
2.559
2.697
2.792
2.938
3.07
3.173
3.287
3.415
3.53
3.69
3.792
3.935
4.08
4.21
4.411
4.546
4.665
4.8
5.039
5.273
5.337
5.569
5.675
5.95
6.021
6.166
6.3
6.543
6.632
6.901
7.05
7.216
7.425
7.584
7.725
7.958
8.167
8.3
8.498
8.683
8.861
9.054
9.328
9.469
9.719
9.941
10.003
10.398
10.673
10.877
11.079
11.244
11.562
11.679
11.916
12.263
12.316
12.586
13.008
13.235
13.443
13.697
13.905
0
0.001
0.004
0.005
0.008
0.012
0.014
0.022
0.024
0.03
0.037
0.045
0.051
0.059
0.066
0.073
0.087
0.1
0.103
0.118
0.127
0.149
0.154
0.171
0.186
0.214
0.228
0.237
0.249
0.261
0.278
0.309
0.32
0.363
0.369
0.367
0.387
0.413
0.439
0.464
0.492
0.554
0.58
0.583
0.571
0.605
0.714
0.71
0.811
0.865
0.801
0.802
0.903
0.87
0.983
0.974
0.987
1.015
1.155
1.061
1.078
1.118
1.155
1.3
1.294
1.365
1.387
1.426
1.449
1.454
1.542
1.498
1.536
1.672
1.636
1.685
1.747
1.775
1.8
1.825
2.02
2.003
2.145
2.109
2.089
2.118
2.199
2.24
2.531
2.385
2.476
2.483
2.533
2.709
2.591
2.637
2.979
2.806
2.761
2.92
3.043
3.029
3.288
3.078
3.221
3.226
3.369
3.586
3.349
3.343
